0.0,0.0,-11.295140200305514,-19.411660010533897
0.0,0.0,-14.493096398606584,-19.402815632938644
0.0,0.0,-14.042297115197364,-19.391849366870236
0.0,0.0,-14.34041604370682,-19.444068278212725
0.0,0.0,-55.17993648728606,-19.268919722423593
0.0,0.0,-13.77271756491,-19.2866895793498
0.0,0.0,-13.508755139030782,-19.234535295371174
0.0,0.0,-13.151561789192503,-19.20033658815356
0.0,0.0,-13.301120647252038,-19.09454301778306
0.0,0.0,-13.145253452388904,-19.09430337421305
0.0,0.0,-12.899430641756764,-19.03390122603297
0.0,0.0,-13.165247363496817,-19.06805980321732
0.0,0.0,-13.383906320566778,-19.121007900832577
0.0,0.0,-13.159806087439428,-19.15172622926491
0.0,0.0,-13.383428596694229,-19.263359879494292
0.0,0.0,-13.331592000061885,-19.31390330535191
0.0,0.0,-13.43689162742838,-19.38570246994899
0.0,0.0,-13.26797605883566,-19.279785000198046
0.0,0.0,-13.326129645940714,-19.28475342072697
0.0,0.0,-13.064854810299488,-19.271683367364854
0.0,0.0,-13.143043737418079,-19.17978272562495
0.0,0.0,-13.202680844221518,-19.1359042809903
0.0,0.0,-13.25380005337794,-19.20936991914863
0.0,0.0,-13.252248689117462,-19.178197345637763
0.0,0.0,-13.36707340927248,-19.0665517695453
0.0,0.0,-13.785073022394101,-19.16129736585193
0.0,0.0,-13.267397320819116,-19.17392572032671
0.0,0.0,-13.789640572114767,-19.189863143100794
0.0,0.0,-13.7470763859806,-19.281622788017334
0.0,0.0,-13.329042672529779,-19.26163264286145
0.0,540.0,-15.338495009392071,-24.819673063510997
0.0,540.0,-15.555371565583068,-24.80379845970708
0.0,540.0,-15.748854863110086,-24.91822325021591
0.0,540.0,-15.056025495833554,-25.10308750972171
0.0,540.0,-15.361294539586362,-25.236479616834817
0.0,540.0,-15.126603031273504,-25.178016604443155
0.0,540.0,-14.894564225572292,-25.2184247470524
0.0,540.0,-14.950661953427417,-25.050239692843835
0.0,540.0,-14.896292036465516,-24.98439893626641
0.0,540.0,-14.949308352466486,-24.935678343551224
0.0,540.0,-18.40668795985891,-24.83069617137813
0.0,540.0,-14.68909546664816,-24.80540124189612
0.0,540.0,-15.19502172179002,-25.036268271917926
0.0,540.0,-14.465444881045208,-25.07450567385571
0.0,540.0,-14.242985991776905,-25.03191914799505
0.0,540.0,-14.754203687410099,-25.114767479469787
0.0,540.0,-15.21306612648155,-25.256047324974038
0.0,540.0,-19.089095982984443,-25.23519398169397
0.0,540.0,-14.86599097033168,-25.350599559761257
0.0,540.0,-15.008657911704104,-25.364962498897707
0.0,540.0,-14.303982926795051,-25.53057589353349
0.0,540.0,-13.593417925867534,-25.314699538445286
0.0,540.0,-13.984891547382986,-25.216944034787005
0.0,540.0,-13.88374309389826,-24.981041536529517
0.0,540.0,-14.114362723709089,-24.947845988400175
0.0,540.0,-14.461922456128741,-24.69184725979494
0.0,540.0,-14.823890954450922,-24.52707043901956
0.0,540.0,-15.357238130373302,-24.30387803198788
0.0,540.0,-15.139526163118347,-23.98932238482937
0.0,540.0,-15.604452383441751,-23.7966535642412
0.0,1080.0,-13.433014491634445,-27.509863843630814
0.0,1080.0,-10.688651536612289,-27.409436537143396
0.0,1080.0,-13.69875497689906,-27.30367176706432
0.0,1080.0,-13.90326085816819,-27.62155907900159
0.0,1080.0,-13.878863343941024,-27.56617131405808
0.0,1080.0,-14.078685360724528,-27.209867941410458
0.0,1080.0,-13.63386998854868,-27.184950266143176
0.0,1080.0,-13.421663138988603,-27.303479851370025
0.0,1080.0,-13.488897606970026,-27.06410617611507
0.0,1080.0,-12.972724379231662,-26.877974223165847
0.0,1080.0,-13.319257936466933,-27.01200127682258
0.0,1080.0,-13.152407656836209,-27.02125038896638
0.0,1080.0,-13.738590844019473,-27.505433484719802
0.0,1080.0,-13.98776800683636,-28.747592638212204
0.0,1080.0,-14.937386091944479,-29.902491432605707
0.0,1080.0,-15.885804073758953,-30.75742692713254
0.0,1080.0,-16.3391516276176,-31.166838845641415
0.0,1080.0,-16.196828506991753,-31.258314808718954
0.0,1080.0,-19.944460767395594,-30.67779630576889
0.0,1080.0,-16.531673049143226,-30.088192410185318
0.0,1080.0,-15.59556036615705,-29.67941094026373
0.0,1080.0,-15.692984870537169,-29.567661045335583
0.0,1080.0,-15.531134354638752,-29.28664708208302
0.0,1080.0,-15.296135471985654,-28.82058891186882
0.0,1080.0,-15.28165987961859,-28.754909553041415
0.0,1080.0,-15.089195938338912,-28.724789050014795
0.0,1080.0,-14.935632048750488,-28.855532095756757
0.0,1080.0,-14.826483319530276,-28.846725926616095
0.0,1080.0,-15.078910263032533,-28.927303131676865
0.0,1080.0,-14.520512842957597,-28.74054187162143
960.0,0.0,-6.159024956821453,-18.143310487192412
960.0,0.0,-5.76559378835684,-18.316835045571935
960.0,0.0,-6.01240106682293,-18.44991880781556
960.0,0.0,-6.216617367501282,-18.587898543618252
960.0,0.0,-5.873615735513155,-18.682143638871494
960.0,0.0,-5.89153875996638,-18.684365227097143
960.0,0.0,-5.736388466195526,-18.59511583477134
960.0,0.0,-5.532154274378431,-18.440628771073587
960.0,0.0,-5.640724827399435,-18.377168338679134
960.0,0.0,-5.409800621296619,-18.23026054286637
960.0,0.0,-5.453245707115906,-18.20100985783699
960.0,0.0,-5.288942492169591,-18.058591127120838
960.0,0.0,-5.623052335462026,-18.21172517428269
960.0,0.0,-5.555902817261886,-18.095523656666717
960.0,0.0,-5.698829311680809,-18.215891739856563
960.0,0.0,-5.505969973113473,-18.276955473440296
960.0,0.0,-5.421237921620667,-18.529707048650728
960.0,0.0,-5.702511967861538,-18.473452786515594
960.0,0.0,-5.526839398666665,-18.682617651661996
960.0,0.0,-5.5384671142663535,-18.69173932162736
960.0,0.0,-5.5978507154869686,-18.699978628204775
960.0,0.0,-5.539004019653298,-18.60031734621606
960.0,0.0,-5.268476680862873,-18.504330921752445
960.0,0.0,-5.1527339207083465,-18.4860162332817
960.0,0.0,-5.069500168606645,-18.344555613142923
960.0,0.0,-5.31755816177181,-18.221374108178647
960.0,0.0,-4.976849201015504,-18.024276414619525
960.0,0.0,-5.0890769507111004,-18.058208214232742
960.0,0.0,-5.174075190413072,-17.965892498254917
960.0,0.0,-4.956324401609001,-17.945065032011655
960.0,540.0,-5.890029035803494,-22.66355724523214
960.0,540.0,-5.979487981154712,-22.51718660087738
960.0,540.0,-5.88105757030287,-22.441666772505553
960.0,540.0,-6.266187836224128,-22.452410295686875
960.0,540.0,-6.392680550405399,-22.490978403674955
960.0,540.0,-6.682773038744581,-22.493382517335636
960.0,540.0,-6.169142230437734,-22.551151959335467
960.0,540.0,-6.243133047500118,-22.62175669092992
960.0,540.0,-6.372214089196987,-22.59073996447795
960.0,540.0,-6.038833775273238,-22.660996270781865
960.0,540.0,-6.079260196533488,-22.61731044442083
960.0,540.0,-6.4655671419887275,-22.54936628719057
960.0,540.0,-5.985327009382363,-22.526867718506605
960.0,540.0,-6.313166876360485,-22.49983042624764
960.0,540.0,-6.1628603668939,-22.467205870575274
960.0,540.0,-6.283071243196424,-22.36879689537694
960.0,540.0,-5.911907301716685,-22.449487235582545
960.0,540.0,-6.006858991032042,-22.41267497489008
960.0,540.0,-6.06817733202905,-22.431842503886827
960.0,540.0,-5.982640825740711,-22.453229378753242
960.0,540.0,-6.149099111275762,-22.504256992816398
960.0,540.0,-6.1518170730531345,-22.541670872916594
960.0,540.0,-6.455070429188908,-22.561878038739923
960.0,540.0,-6.517604294482027,-22.553321340909957
960.0,540.0,-6.60883905300261,-22.598199986521536
960.0,540.0,-6.5987858291583485,-22.685970311268203
960.0,540.0,-6.590665940872106,-22.68530691919455
960.0,540.0,-6.148621882588813,-22.900131081754648
960.0,540.0,-5.915443362860291,-23.004755327031432
960.0,540.0,-5.823240955614624,-22.931827905996172
960.0,1080.0,-7.645945243051271,-26.92887949390846
960.0,1080.0,-7.214612277795329,-26.698790411501825
960.0,1080.0,-7.317741621583451,-26.588751411490673
960.0,1080.0,-7.198305661225824,-26.62570186757017
960.0,1080.0,-7.1030853708067525,-26.680464341465875
960.0,1080.0,-7.140099892184944,-26.656253139053444
960.0,1080.0,-7.249245229539468,-26.53943172197486
960.0,1080.0,-7.013728191773291,-26.574826613481303
960.0,1080.0,-7.164055558839912,-26.716319893393294
960.0,1080.0,-7.534687410586045,-26.603648891745543
960.0,1080.0,-7.269152452960028,-26.625990821261663
960.0,1080.0,-7.568587377683926,-26.916726416166192
960.0,1080.0,-7.2697201330684535,-26.939324324666728
960.0,1080.0,-7.153800328954342,-26.612032291346118
960.0,1080.0,-6.892571434167506,-26.3213067930128
960.0,1080.0,-7.194872363263108,-26.14893923571202
960.0,1080.0,-7.172966597806707,-26.06968633649327
960.0,1080.0,-6.981760715383995,-25.972619211193127
960.0,1080.0,-7.41514571882685,-26.18809274477716
960.0,1080.0,-7.002374233377335,-26.35340959938996
960.0,1080.0,-7.530962213510413,-26.387533073021427
960.0,1080.0,-7.130850262709381,-26.381319776449995
960.0,1080.0,-7.43392413794964,-26.31510519857862
960.0,1080.0,-7.31792090868002,-26.32630637980491
960.0,1080.0,-7.304817276785621,-26.49652153700419
960.0,1080.0,-7.2828008859139866,-26.335679840309293
960.0,1080.0,-7.395615523055982,-26.111679105741253
960.0,1080.0,-7.365836629992129,-26.143339765490758
960.0,1080.0,-7.25700360009656,-26.0646100434164
960.0,1080.0,-7.120138655459854,-25.817426244934722
1920.0,0.0,4.958834263411928,-16.137545109830803
1920.0,0.0,5.048965017373695,-16.114440622610232
1920.0,0.0,5.441565949243581,-16.086164681615255
1920.0,0.0,5.198487219528497,-15.972589367397475
1920.0,0.0,4.945573820692296,-16.209459275926026
1920.0,0.0,3.8773365035407608,-17.03300018486221
1920.0,0.0,3.4197578977903302,-17.884651656379262
1920.0,0.0,2.3148712772681215,-18.405579924114946
1920.0,0.0,1.8301878648531191,-18.840524785436703
1920.0,0.0,1.7128681483441637,-18.823452277421996
1920.0,0.0,2.239821697385338,-18.094219778706492
1920.0,0.0,2.5161968984804366,-17.227490741726285
1920.0,0.0,3.06308989422373,-16.86415659014443
1920.0,0.0,3.359854273894608,-16.54419909699282
1920.0,0.0,3.6476151511293105,-16.53376976940429
1920.0,0.0,3.9151885213927877,-16.37668843123569
1920.0,0.0,4.00810466770608,-16.300142593349328
1920.0,0.0,4.269662593362828,-16.09386853061855
1920.0,0.0,4.400452900166594,-15.996403009307336
1920.0,0.0,4.297657900194844,-15.816019079521316
1920.0,0.0,4.597658839648876,-15.701906327206471
1920.0,0.0,4.459756482473491,-15.61170814182246
1920.0,0.0,4.232848724749808,-15.624668218631832
1920.0,0.0,4.505239528800281,-15.78736852476302
1920.0,0.0,4.432185511409239,-15.987851461682821
1920.0,0.0,4.49184965918532,-16.361563356547855
1920.0,0.0,4.504560310768531,-16.570864938099795
1920.0,0.0,4.427742178742832,-16.969899388996623
1920.0,0.0,4.353434200950806,-17.166778355569257
1920.0,0.0,4.441257115934015,-17.189398403926113
1920.0,540.0,2.585474338724213,-19.76589317261728
1920.0,540.0,2.437902254692177,-19.848800102929
1920.0,540.0,2.7801336679969326,-19.88493027476063
1920.0,540.0,2.704006568388455,-19.905124936549125
1920.0,540.0,2.5354617770239627,-19.953288077748415
1920.0,540.0,2.5363506245950056,-19.975442439662793
1920.0,540.0,2.6933656290331514,-19.843405146039448
1920.0,540.0,2.3546410287244703,-19.841699476208916
1920.0,540.0,2.6557722812729976,-19.715592874565193
1920.0,540.0,2.281723372828561,-19.839356679094898
1920.0,540.0,2.4651543043855537,-19.755889809455788
1920.0,540.0,2.318455321483741,-19.81532569036964
1920.0,540.0,2.567629285113979,-19.68099521626403
1920.0,540.0,2.640648288813766,-19.766339950131616
1920.0,540.0,2.4603575046947697,-19.66995742022934
1920.0,540.0,2.430732441757679,-19.765640545731266
1920.0,540.0,3.0324506741653665,-19.833355556732297
1920.0,540.0,2.616264888880623,-20.03910500835398
1920.0,540.0,2.5972046793380086,-20.48647595051629
1920.0,540.0,2.2880861471294596,-20.819966547197936
1920.0,540.0,1.9597083830907136,-21.024500560867484
1920.0,540.0,1.6207055967057702,-21.28185045948953
1920.0,540.0,1.6419311699839438,-21.385664416094023
1920.0,540.0,1.3578335073753824,-21.274611624629227
1920.0,540.0,1.8525812667714303,-21.140702007114054
1920.0,540.0,1.7613873968707985,-21.046413723842583
1920.0,540.0,2.3480728133081263,-20.728083415199485
1920.0,540.0,2.4108201153401265,-20.642151220815016
1920.0,540.0,2.5778123069945065,-20.426421818990836
1920.0,540.0,2.9175624965428084,-20.309347503176653
1920.0,1080.0,0.15027228609436127,-24.045514609356793
1920.0,1080.0,0.18948489415042058,-24.14720871023925
1920.0,1080.0,0.0946118534713265,-24.06175865668448
1920.0,1080.0,0.3299448691967717,-23.955160644530167
1920.0,1080.0,0.1291184586881613,-24.05201854940824
1920.0,1080.0,0.12000044548812916,-23.890830454319158
1920.0,1080.0,0.19347957385848824,-23.961912577542456
1920.0,1080.0,0.2951043904748478,-23.894430702948817
1920.0,1080.0,-0.000913333224819457,-23.985310087735144
1920.0,1080.0,-0.1590196967090085,-23.955866673218438
1920.0,1080.0,-0.13505929082111923,-23.962806649948895
1920.0,1080.0,-0.023650617024923548,-23.929402162644795
1920.0,1080.0,-0.18693528147101235,-24.036082295649905
1920.0,1080.0,0.04782768862661069,-24.074871358121023
1920.0,1080.0,-0.1630423363449358,-24.145141753299054
1920.0,1080.0,0.2687487963946005,-24.253331260069693
1920.0,1080.0,-0.11512117897566077,-24.38956161213217
1920.0,1080.0,-0.05569126572145633,-24.287769255553172
1920.0,1080.0,0.10896312502983463,-24.281879328249264
1920.0,1080.0,-0.12308786254392068,-24.19230472547934
1920.0,1080.0,0.038564859617441716,-24.18647424608599
1920.0,1080.0,0.2756499157270458,-24.012155148397625
1920.0,1080.0,-0.12737997906759446,-24.116665393334145
1920.0,1080.0,0.13960194112798163,-24.17044442154983
1920.0,1080.0,0.11715056621516862,-24.2448531040477
1920.0,1080.0,0.3549890369840818,-24.25691917254495
1920.0,1080.0,0.19319604742195118,-24.33904591664267
1920.0,1080.0,0.1779062179075117,-24.35471968984679
1920.0,1080.0,0.15425906091897623,-24.306039575953054
1920.0,1080.0,0.2594574198065187,-24.351190925647398
