0.0,0.0,-13.49714465478886,1.4090371724396706
0.0,0.0,-13.674352288140946,1.4679439564982644
0.0,0.0,-13.314402985646737,1.2630253111482497
0.0,0.0,-14.492615531773696,1.5074234708908036
0.0,0.0,-13.613120761214756,1.4266623523952051
0.0,0.0,-12.908370091595101,1.2515990681672662
0.0,0.0,-12.069206327289773,1.3611203561044922
0.0,0.0,-13.356406905984871,1.5309899720131028
0.0,0.0,-13.657507182812852,1.4042399529266254
0.0,0.0,-12.809633165182468,1.4126241146646044
0.0,0.0,-13.912375819893867,1.6040056725008114
0.0,0.0,-13.198985040526784,1.6002654440524902
0.0,0.0,-13.993047603998841,1.7561822135442382
0.0,0.0,-13.360216306327569,1.7283277191421516
0.0,0.0,-13.428593717415456,1.6457981003474143
0.0,0.0,-12.738127763402384,1.584360314952916
0.0,0.0,-13.309318616097505,1.6138498478656194
0.0,0.0,-13.941805179620241,1.6040003351156709
0.0,0.0,-12.90763534004707,1.6887214504711932
0.0,0.0,-13.127368160804576,1.8290265439626794
0.0,0.0,-13.955761181949322,1.7761031975620187
0.0,0.0,-13.178635599528045,1.7721964269711747
0.0,0.0,-13.268254386473274,1.480229287856703
0.0,0.0,-12.826382300833835,1.4222872677037979
0.0,0.0,-12.085929575511926,1.3204692411309416
0.0,0.0,-14.45250171006222,1.4574422370023377
0.0,0.0,-13.233083131520583,1.4521276635593359
0.0,0.0,-13.006582628237531,1.5617453510144506
0.0,0.0,-12.577567757457032,1.442516937981341
0.0,0.0,-12.837512765244636,1.528922882137823
0.0,432.0,-11.76491001187934,-0.14673161337334684
0.0,432.0,-11.797035554518974,-0.23280399612533428
0.0,432.0,-11.868260904859039,-0.1929164163817351
0.0,432.0,-12.299583885462836,-0.3598967849819225
0.0,432.0,-12.308017366745402,-0.3153043815341604
0.0,432.0,-12.522947024804965,-0.2943011437839414
0.0,432.0,-12.128350462426525,-0.1958835513767096
0.0,432.0,-12.18962874808207,-0.4258142535748352
0.0,432.0,-12.152659031268577,-0.4598064292276903
0.0,432.0,-11.43444409157604,-0.7348296188071008
0.0,432.0,-11.375741477879732,-0.9078431644092658
0.0,432.0,-11.052903771524722,-1.058675823498234
0.0,432.0,-11.71593470589718,-0.8703371897349411
0.0,432.0,-10.701075904739218,-0.9011460414904384
0.0,432.0,-11.630279666831916,-0.791776163747142
0.0,432.0,-11.86774514370581,-0.8579916683822006
0.0,432.0,-11.20301432137406,-0.7905901946005056
0.0,432.0,-11.911796095414688,-0.8250724628328547
0.0,432.0,-11.359571369706854,-0.7638525624018593
0.0,432.0,-11.831577385528844,-0.5927927032663544
0.0,432.0,-10.928707914800327,-0.6166004049042431
0.0,432.0,-10.979492436596022,-0.5905644938777375
0.0,432.0,-11.223559768980135,-0.6014459128848055
0.0,432.0,-12.42716359330098,-0.6546515264306567
0.0,432.0,-11.743990198894425,-0.740047040691118
0.0,432.0,-11.370653606222099,-0.5946405693984327
0.0,432.0,-11.216534636835812,-0.6590615389778801
0.0,432.0,-11.060591762926302,-0.7203804069432507
0.0,432.0,-11.21826456738397,-0.6423314898022929
0.0,432.0,-11.075494884278633,-0.686875780112002
0.0,864.0,-8.259402344498117,-3.6591253660153806
0.0,864.0,-8.959154353915036,-3.6842035723084603
0.0,864.0,-8.632570948992093,-3.6120831882546733
0.0,864.0,-8.77186395239594,-3.5872743029283383
0.0,864.0,-8.229930049351587,-3.861669441805945
0.0,864.0,-8.183363943029082,-3.90448096724959
0.0,864.0,-8.638394752718794,-3.9474097238964267
0.0,864.0,-8.088405803765465,-3.983570747634624
0.0,864.0,-7.916494548428892,-4.178538757612424
0.0,864.0,-8.420179207442992,-4.01264297447254
0.0,864.0,-8.946110288120398,-3.8885397365754435
0.0,864.0,-8.682525332362792,-3.894912204633824
0.0,864.0,-7.857951358039002,-3.9452756621287612
0.0,864.0,-9.262947411443356,-3.5987754404588173
0.0,864.0,-7.615565215181592,-3.769216268524969
0.0,864.0,-8.643616169834912,-3.8711735447980615
0.0,864.0,-8.52115430818706,-3.980682742067485
0.0,864.0,-7.926931214612014,-4.0376049979854045
0.0,864.0,-8.663647031627507,-4.311443751775255
0.0,864.0,-8.345646056048942,-4.1775699319303925
0.0,864.0,-7.984436537926825,-4.3144254889018265
0.0,864.0,-9.081217628702483,-4.283172241752323
0.0,864.0,-8.718913848070537,-4.2335518549032916
0.0,864.0,-8.2276720353366,-4.089624350654964
0.0,864.0,-7.758678586501752,-4.1282614066327685
0.0,864.0,-8.845598037937961,-3.8363758442634626
0.0,864.0,-7.83220725088678,-3.8898560432218594
0.0,864.0,-6.952793184399536,-3.8578290473777908
0.0,864.0,-7.573613182289047,-3.938734364911773
0.0,864.0,-8.221609937257575,-3.9238768529295354
768.0,0.0,-0.17853791936390495,0.6177840830903503
768.0,0.0,0.19938760240628262,0.5270577936614067
768.0,0.0,0.903543017516617,0.48913750305725273
768.0,0.0,-0.21767917641225587,0.6491736884246686
768.0,0.0,0.5399554724145454,0.7092217173453709
768.0,0.0,1.0699370057031836,0.7027391640078127
768.0,0.0,-0.9461372487304889,0.9004487318108693
768.0,0.0,0.387596296913038,0.7109595557733535
768.0,0.0,-0.33367267043908644,0.6362138802534524
768.0,0.0,0.4903937997078167,0.5443340106409401
768.0,0.0,0.8684044012228889,0.38490239021328815
768.0,0.0,0.17702959503756355,0.21999057972531277
768.0,0.0,0.6262481059329366,0.30399659343621743
768.0,0.0,-0.20214037430116116,0.32837715493758807
768.0,0.0,0.05397868498731029,0.3685957617375278
768.0,0.0,-0.2640769376835024,0.633023331986042
768.0,0.0,-0.051834509523350336,0.7324835131008929
768.0,0.0,0.11495579954995594,0.7265826395212497
768.0,0.0,-0.5152279421587991,0.6261164800167551
768.0,0.0,0.49608475658098294,0.7952452431326343
768.0,0.0,1.204554965476772,0.7488914341713868
768.0,0.0,-0.04188478954884811,0.5832813216046784
768.0,0.0,0.6227737659327832,0.48068889528517306
768.0,0.0,0.33688932056414234,0.5268803289456638
768.0,0.0,1.1245963254102753,0.463126788744642
768.0,0.0,0.3696169294698992,0.29649260855131454
768.0,0.0,0.4699991105298802,0.366522755606276
768.0,0.0,0.8640452380742378,0.6175917338069745
768.0,0.0,0.18914959543446885,0.6618425290093451
768.0,0.0,0.8574550060550599,0.6570547630162287
768.0,432.0,0.8468086305816327,-2.4399028993113063
768.0,432.0,1.826944182908994,-2.550286182211712
768.0,432.0,0.8122754550578766,-2.4032441779405094
768.0,432.0,0.9101570028253967,-2.4195202403057117
768.0,432.0,1.175137509165191,-2.3460064769117253
768.0,432.0,1.6610450221519117,-2.422996829031562
768.0,432.0,1.9205741842463306,-2.5459157910750516
768.0,432.0,1.587114747126679,-2.5432261561554133
768.0,432.0,1.4046241927415073,-2.7860717923493343
768.0,432.0,1.9246088243923223,-2.7608299014605775
768.0,432.0,2.616196912549529,-2.650608574852385
768.0,432.0,1.4294721409342996,-2.5340177925695437
768.0,432.0,1.122481680777327,-2.625247570964805
768.0,432.0,1.5303274072459387,-2.3527252358380446
768.0,432.0,2.4954340594789546,-2.489008439485789
768.0,432.0,0.9595510141605739,-2.5200405555759766
768.0,432.0,0.7769438849684573,-2.6076421170530892
768.0,432.0,1.2354983799124348,-2.6112558762869935
768.0,432.0,1.675993950836429,-2.674849367130884
768.0,432.0,1.0040246551761862,-2.7260534574365023
768.0,432.0,1.6099167903174443,-2.711593630143219
768.0,432.0,1.9310460709959205,-2.6150464436492578
768.0,432.0,2.4611744347955997,-2.676894233878252
768.0,432.0,1.3725636774587415,-2.6207539390822103
768.0,432.0,0.8447818268522127,-2.6291094907595878
768.0,432.0,1.405662679670701,-2.6295281796331733
768.0,432.0,1.1050776520463832,-2.5786306328602993
768.0,432.0,1.1394898145676127,-2.634602024820598
768.0,432.0,1.3156212523805266,-2.741524566186108
768.0,432.0,1.424242435875278,-2.63037668650494
768.0,864.0,1.4463271317819353,-5.576612695756647
768.0,864.0,1.4172899027481896,-5.582652468003702
768.0,864.0,1.4169546053505406,-5.591829217612988
768.0,864.0,1.829406126509976,-5.742256275387696
768.0,864.0,0.8565974681067912,-5.666563172712069
768.0,864.0,2.484829330334269,-5.790637548563965
768.0,864.0,1.512934398689026,-5.696927314693047
768.0,864.0,1.4120736732934533,-5.720997873419266
768.0,864.0,1.1576288952529674,-5.576729891356835
768.0,864.0,0.4933229015758518,-5.647702954743732
768.0,864.0,1.5608568352360848,-5.571418925147794
768.0,864.0,1.6314673025483175,-5.8280533732872914
768.0,864.0,2.4548109142693844,-5.722293674157772
768.0,864.0,1.6961219084665788,-5.7386503553490575
768.0,864.0,1.427873200096248,-5.589825119491921
768.0,864.0,1.3309075046924794,-5.6632135231191025
768.0,864.0,1.3278753948887578,-5.618673008417729
768.0,864.0,0.8570004888055414,-5.735162592323193
768.0,864.0,1.5356368606048008,-5.8591620672319875
768.0,864.0,1.6892201870311647,-6.0030616587673356
768.0,864.0,2.3388526848147286,-6.0251031837668805
768.0,864.0,1.850120051554928,-6.04196446282502
768.0,864.0,1.7994095155812497,-5.958426223683194
768.0,864.0,0.8657304557629124,-5.85327721241718
768.0,864.0,1.054331608696245,-5.835288071858342
768.0,864.0,1.2376306924209957,-5.725216326190006
768.0,864.0,1.0578534135975435,-5.650252304623385
768.0,864.0,1.2136108620806076,-5.808704035703702
768.0,864.0,0.29758526323236345,-5.659507821384205
768.0,864.0,1.1608900174921855,-5.580577655753292
1536.0,0.0,8.718753835644597,2.159901288703625
1536.0,0.0,8.891693897481648,2.162728596869384
1536.0,0.0,9.387931858947145,2.133264533746322
1536.0,0.0,8.084527384682401,2.1043200785035276
1536.0,0.0,8.170383432140124,2.1063538276913
1536.0,0.0,8.362547622669823,2.093968694442277
1536.0,0.0,8.680351034374908,2.0487645912332306
1536.0,0.0,9.291951102208596,1.8186411942999638
1536.0,0.0,8.859978173664024,1.7561482503386268
1536.0,0.0,9.096184599846016,1.7644672781651096
1536.0,0.0,8.776649896838784,1.7533213040149298
1536.0,0.0,8.374147833499473,1.9033474129427113
1536.0,0.0,9.350758296637927,1.972839747489589
1536.0,0.0,9.396076353447068,2.0843939890765713
1536.0,0.0,8.370580563006403,2.00320440444899
1536.0,0.0,8.740259024722087,1.9127971897613831
1536.0,0.0,9.755061603370581,1.748416460016574
1536.0,0.0,8.665894260401716,1.8574956399614466
1536.0,0.0,9.097761119634466,1.7244122888234712
1536.0,0.0,10.101668904618018,1.7885605234079196
1536.0,0.0,9.212345308952843,1.9217661653144344
1536.0,0.0,10.060675030461875,1.929161054424373
1536.0,0.0,10.097693025086913,1.8509630472334164
1536.0,0.0,9.832959928869005,1.9611639066563438
1536.0,0.0,8.879295186301176,1.8388079962698418
1536.0,0.0,9.410432443351818,1.7580363336715887
1536.0,0.0,9.454948275510807,1.7287011380453903
1536.0,0.0,8.973456176498857,1.7355070327201796
1536.0,0.0,8.222981141331644,1.6688828798550088
1536.0,0.0,8.918550586844926,1.6397679935301301
1536.0,432.0,10.154569062587042,-0.9412648145383956
1536.0,432.0,9.914257680512062,-0.8616641066316332
1536.0,432.0,10.072643470485156,-0.6006076749885683
1536.0,432.0,10.14995673355976,-0.695220147151829
1536.0,432.0,10.383205331381038,-0.7172281717918394
1536.0,432.0,10.045576381259067,-0.8138691600983508
1536.0,432.0,9.716204205704882,-0.8166645639112899
1536.0,432.0,10.401369066743793,-0.9007653321613661
1536.0,432.0,10.783466390823044,-0.7570084516229274
1536.0,432.0,11.181930500054253,-0.8276259714747949
1536.0,432.0,10.513827904210311,-0.7143668014317109
1536.0,432.0,10.375309078748124,-0.6444538505330261
1536.0,432.0,9.377922693427351,-0.5950899704547776
1536.0,432.0,9.681891230158868,-0.6166312607727882
1536.0,432.0,10.080146514266367,-0.44633178721085864
1536.0,432.0,10.282654755223822,-0.5563697129592012
1536.0,432.0,10.465819898388583,-0.7216167795142152
1536.0,432.0,10.310029763993898,-0.8365338692266847
1536.0,432.0,10.117697710664721,-0.8957521909373691
1536.0,432.0,9.855775460674225,-0.9802591994178258
1536.0,432.0,9.413000068735645,-0.9363013201799376
1536.0,432.0,10.084065250371701,-0.8631853949563167
1536.0,432.0,10.563774436244142,-0.8285051588669666
1536.0,432.0,9.816695798886236,-0.7395702051121715
1536.0,432.0,10.20189817691731,-0.6758843586941594
1536.0,432.0,10.458437253668565,-0.7478158318744462
1536.0,432.0,11.272546324876803,-0.7945443175404754
1536.0,432.0,10.437739974451077,-0.8368589691524784
1536.0,432.0,10.941364989429783,-0.764843058483626
1536.0,432.0,10.238075182279056,-0.7646358032915963
1536.0,864.0,8.729252625220024,-3.5655105021039852
1536.0,864.0,9.330908480408686,-3.503455354355191
1536.0,864.0,8.601592035794383,-3.517988643028915
1536.0,864.0,7.932261140363838,-3.5781433220419583
1536.0,864.0,7.3568919862735545,-3.495222063349299
1536.0,864.0,8.70795893434898,-3.5870192132862044
1536.0,864.0,7.386321584209885,-3.5111786448476683
1536.0,864.0,8.780637892446395,-3.664920832648288
1536.0,864.0,8.81010010995792,-3.603528960105112
1536.0,864.0,8.563946882556383,-3.7262310308521673
1536.0,864.0,7.476529885510706,-3.6307053126275948
1536.0,864.0,7.567777869385303,-3.6543891938786954
1536.0,864.0,8.328360202487515,-3.6324163158376623
1536.0,864.0,8.88028885584954,-3.7273509088673946
1536.0,864.0,8.570322774046028,-3.8265923312992443
1536.0,864.0,8.368849061241075,-3.9443117116195148
1536.0,864.0,8.075901551628355,-3.972517695412139
1536.0,864.0,8.568764933793801,-3.9598898562403453
1536.0,864.0,8.84082969442321,-3.9668021202755206
1536.0,864.0,8.1719203649818,-3.864678974433326
1536.0,864.0,8.342913260825704,-3.6925905589915478
1536.0,864.0,8.152762362531051,-3.7813400522993543
1536.0,864.0,7.961410610223821,-3.6899494133837507
1536.0,864.0,7.6191329287707985,-3.595460905505323
1536.0,864.0,8.409675738684026,-3.6469708881649874
1536.0,864.0,8.07432541662015,-3.7824656081744763
1536.0,864.0,7.484296482549838,-3.6983806929522625
1536.0,864.0,7.883287733714708,-3.7874225273300306
1536.0,864.0,7.9507938924437935,-3.7252502639998006
1536.0,864.0,7.221300928601691,-3.6913424455038024
